1734636541977 0.7325999736785889 0
1734636541992 0.8308333158493042 1
1734636542007 0.8504166603088379 2
1734636542019 0.8627166748046875 3
1734636542033 0.8703666925430298 4
1734636542047 0.8744333386421204 5
1734636542070 0.8789666891098022 6
1734636542087 0.8821499943733215 7
1734636542104 0.8852333426475525 8
1734636542124 0.8870833516120911 9
1734636542139 0.8905166387557983 10
1734636542156 0.8916500210762024 11
1734636542172 0.8925833106040955 12
1734636542192 0.894433319568634 13
1734636542208 0.8966833353042603 14
1734636542223 0.8968666791915894 15
1734636542238 0.8971166610717773 16
1734636542254 0.8996999859809875 17
1734636542270 0.8996000289916992 18
1734636542288 0.9006833434104919 19
1734636542306 0.9002500176429749 20
1734636542323 0.9014999866485596 21
1734636542338 0.9035000205039978 22
1734636542355 0.9018666744232178 23
1734636542372 0.9035666584968567 24
1734636542389 0.9053999781608582 25
1734636542405 0.90420001745224 26
1734636542421 0.9057666659355164 27
1734636542436 0.9068999886512756 28
1734636542451 0.9052000045776367 29
1734636542464 0.906583309173584 30
1734636542478 0.9046666622161865 31
1734636542491 0.9074000120162964 32
1734636542505 0.906333327293396 33
1734636542518 0.9071666598320007 34
1734636542532 0.9085833430290222 35
1734636542545 0.9079499840736389 36
1734636542560 0.9076833128929138 37
1734636542573 0.9085500240325928 38
1734636542586 0.909166693687439 39
1734636542600 0.9088833332061768 40
1734636542613 0.9085500240325928 41
1734636542627 0.9099500179290771 42
1734636542640 0.9107166528701782 43
1734636542654 0.9082333445549011 44
1734636542667 0.9103000164031982 45
1734636542680 0.9100666642189026 46
1734636542694 0.9105166792869568 47
1734636542707 0.9112333059310913 48
1734636542721 0.911300003528595 49
