1734636541968 0.7246987223625183 0
1734636541984 0.4649848937988281 1
1734636541999 0.4200372099876404 2
1734636542013 0.3874412775039673 3
1734636542027 0.3658830225467682 4
1734636542040 0.35061827301979065 5
1734636542060 0.3400172293186188 6
1734636542079 0.3294137716293335 7
1734636542095 0.3201730251312256 8
1734636542113 0.3143984079360962 9
1734636542132 0.30610391497612 10
1734636542148 0.30268242955207825 11
1734636542164 0.2985881268978119 12
1734636542184 0.2920657694339752 13
1734636542200 0.28738150000572205 14
1734636542216 0.28477808833122253 15
1734636542231 0.28196677565574646 16
1734636542246 0.27750447392463684 17
1734636542262 0.27802082896232605 18
1734636542279 0.27433356642723083 19
1734636542297 0.27221399545669556 20
1734636542314 0.27003026008605957 21
1734636542331 0.2674894332885742 22
1734636542347 0.26841530203819275 23
1734636542362 0.2638799548149109 24
1734636542381 0.2630070745944977 25
1734636542397 0.2638320028781891 26
1734636542413 0.2605038583278656 27
1734636542428 0.2564255893230438 28
1734636542444 0.2598014771938324 29
1734636542457 0.25709933042526245 30
1734636542471 0.25937703251838684 31
1734636542484 0.25506851077079773 32
1734636542498 0.2551509439945221 33
1734636542512 0.25380194187164307 34
1734636542525 0.2517986297607422 35
1734636542539 0.2512100338935852 36
1734636542553 0.25160810351371765 37
1734636542567 0.2517002820968628 38
1734636542580 0.24945764243602753 39
1734636542593 0.2504703402519226 40
1734636542607 0.2491970658302307 41
1734636542620 0.24783770740032196 42
1734636542634 0.24458840489387512 43
1734636542647 0.24786041676998138 44
1734636542660 0.24690674245357513 45
1734636542674 0.24399398267269135 46
1734636542687 0.2456180304288864 47
1734636542700 0.24317146837711334 48
1734636542714 0.24182310700416565 49
