1734638602850 0.7330166697502136 0
1734638602928 0.8305666446685791 1
1734638603002 0.8493000268936157 2
1734638603079 0.8597666621208191 3
1734638603156 0.867816686630249 4
1734638603235 0.8728500008583069 5
1734638603310 0.8789666891098022 6
1734638603389 0.8823833465576172 7
1734638603473 0.8840166926383972 8
1734638603554 0.8890666961669922 9
1734638603632 0.8904500007629395 10
1734638603721 0.8918499946594238 11
1734638603802 0.8934833407402039 12
1734638603881 0.8950333595275879 13
1734638603968 0.8954333066940308 14
1734638604050 0.896049976348877 15
1734638604131 0.8980500102043152 16
1734638604209 0.8989499807357788 17
1734638604285 0.8980666399002075 18
1734638604356 0.9006666541099548 19
1734638604435 0.9011833071708679 20
1734638604508 0.9026833176612854 21
1734638604579 0.9034666419029236 22
1734638604650 0.9036666750907898 23
1734638604721 0.9036999940872192 24
1734638604794 0.9053666591644287 25
1734638604864 0.906583309173584 26
1734638604938 0.9057833552360535 27
1734638605010 0.9053000211715698 28
1734638605079 0.906499981880188 29
1734638605152 0.907966673374176 30
1734638605223 0.9086666703224182 31
1734638605296 0.9070666432380676 32
1734638605366 0.908133327960968 33
1734638605438 0.9084166884422302 34
1734638605510 0.9085666537284851 35
1734638605580 0.90993332862854 36
1734638605651 0.9091333150863647 37
1734638605723 0.9093833565711975 38
1734638605792 0.90993332862854 39
1734638605862 0.9117500185966492 40
1734638605933 0.9109500050544739 41
1734638606006 0.9110833406448364 42
1734638606078 0.9108166694641113 43
1734638606152 0.9101499915122986 44
1734638606224 0.9121999740600586 45
1734638606297 0.9110833406448364 46
1734638606368 0.9110166430473328 47
1734638606440 0.912066638469696 48
1734638606511 0.9111166596412659 49
