1734638602807 0.7270460724830627 0
1734638602890 0.46835845708847046 1
1734638602966 0.4194942116737366 2
1734638603039 0.39110952615737915 3
1734638603116 0.3690952658653259 4
1734638603193 0.35216787457466125 5
1734638603272 0.33977463841438293 6
1734638603351 0.32648923993110657 7
1734638603435 0.3213912546634674 8
1734638603512 0.31262707710266113 9
1734638603593 0.30538442730903625 10
1734638603673 0.3006211817264557 11
1734638603762 0.29422909021377563 12
1734638603840 0.29155248403549194 13
1734638603929 0.2896272540092468 14
1734638604008 0.2849555015563965 15
1734638604091 0.28424152731895447 16
1734638604169 0.27782559394836426 17
1734638604246 0.27694979310035706 18
1734638604320 0.2748013436794281 19
1734638604397 0.2711856961250305 20
1734638604472 0.2680467367172241 21
1734638604544 0.26760318875312805 22
1734638604615 0.265720009803772 23
1734638604686 0.26539385318756104 24
1734638604758 0.26067715883255005 25
1734638604829 0.2596350312232971 26
1734638604901 0.25955814123153687 27
1734638604975 0.2590174674987793 28
1734638605045 0.2560238540172577 29
1734638605116 0.25370681285858154 30
1734638605188 0.25437840819358826 31
1734638605259 0.25459185242652893 32
1734638605331 0.25114163756370544 33
1734638605403 0.25274303555488586 34
1734638605474 0.2504217326641083 35
1734638605545 0.24982978403568268 36
1734638605614 0.24827858805656433 37
1734638605686 0.24697953462600708 38
1734638605757 0.24695846438407898 39
1734638605826 0.24463766813278198 40
1734638605898 0.2462419867515564 41
1734638605970 0.2446022927761078 42
1734638606042 0.24411052465438843 43
1734638606115 0.24569545686244965 44
1734638606187 0.24166370928287506 45
1734638606260 0.2448631376028061 46
1734638606333 0.241062730550766 47
1734638606404 0.24274732172489166 48
1734638606476 0.24313972890377045 49
