1734636668575 0.5006833076477051 0
1734636668589 0.6985833048820496 1
1734636668603 0.7390166521072388 2
1734636668617 0.7598833441734314 3
1734636668631 0.770633339881897 4
1734636668645 0.7830166816711426 5
1734636668659 0.7909500002861023 6
1734636668673 0.7961833477020264 7
1734636668687 0.7993500232696533 8
1734636668701 0.8033333420753479 9
1734636668715 0.8053500056266785 10
1734636668729 0.8093166947364807 11
1734636668743 0.812666654586792 12
1734636668757 0.8144333362579346 13
1734636668772 0.8166666626930237 14
1734636668786 0.8177333474159241 15
1734636668801 0.8197333216667175 16
1734636668816 0.8185166716575623 17
1734636668831 0.8214166760444641 18
1734636668847 0.8229666948318481 19
1734636668862 0.8233500123023987 20
1734636668877 0.8223333358764648 21
1734636668892 0.8253166675567627 22
1734636668907 0.8268499970436096 23
1734636668922 0.8261833190917969 24
1734636668940 0.8259166479110718 25
1734636668960 0.8289666771888733 26
1734636668977 0.830216646194458 27
1734636668996 0.8294166922569275 28
1734636669016 0.8284333348274231 29
1734636669036 0.8293333053588867 30
1734636669051 0.8306000232696533 31
1734636669072 0.8319166898727417 32
1734636669088 0.829716682434082 33
1734636669103 0.8330833315849304 34
1734636669118 0.8335999846458435 35
1734636669132 0.8350833058357239 36
1734636669147 0.8328499794006348 37
1734636669161 0.8342333436012268 38
1734636669177 0.8366833329200745 39
1734636669191 0.8378833532333374 40
1734636669206 0.8354166746139526 41
1734636669219 0.840833306312561 42
1734636669235 0.8336499929428101 43
1734636669249 0.8352500200271606 44
1734636669264 0.8383499979972839 45
1734636669279 0.838100016117096 46
1734636669293 0.8373500108718872 47
1734636669308 0.8356999754905701 48
1734636669322 0.8376500010490417 49
