1734636668567 1.333453893661499 0
1734636668582 0.8218381404876709 1
1734636668596 0.7303124070167542 2
1734636668610 0.6825587749481201 3
1734636668624 0.6490230560302734 4
1734636668638 0.6264568567276001 5
1734636668652 0.6086806058883667 6
1734636668666 0.5947564244270325 7
1734636668680 0.5837979316711426 8
1734636668694 0.5742623209953308 9
1734636668708 0.5706984400749207 10
1734636668722 0.5565367937088013 11
1734636668736 0.5547969341278076 12
1734636668750 0.5495320558547974 13
1734636668764 0.5422514081001282 14
1734636668779 0.5346174836158752 15
1734636668794 0.5344430208206177 16
1734636668809 0.5270705223083496 17
1734636668823 0.5281927585601807 18
1734636668839 0.5234196186065674 19
1734636668854 0.5193633437156677 20
1734636668869 0.5166804790496826 21
1734636668884 0.5066724419593811 22
1734636668900 0.5113499164581299 23
1734636668915 0.5060259699821472 24
1734636668929 0.5089094638824463 25
1734636668951 0.4977141320705414 26
1734636668968 0.5015993714332581 27
1734636668986 0.5046038031578064 28
1734636669006 0.49262136220932007 29
1734636669027 0.49826306104660034 30
1734636669044 0.4959031343460083 31
1734636669060 0.49081236124038696 32
1734636669081 0.49887382984161377 33
1734636669095 0.48940885066986084 34
1734636669110 0.49205201864242554 35
1734636669125 0.4841098189353943 36
1734636669140 0.4898582398891449 37
1734636669154 0.48355236649513245 38
1734636669169 0.47857898473739624 39
1734636669184 0.4778071343898773 40
1734636669199 0.4781084954738617 41
1734636669213 0.47156476974487305 42
1734636669227 0.48103973269462585 43
1734636669243 0.47976231575012207 44
1734636669257 0.4745158851146698 45
1734636669272 0.47430434823036194 46
1734636669286 0.47390609979629517 47
1734636669301 0.4765528440475464 48
1734636669315 0.4706900119781494 49
