1734637460339 0.7400166392326355 0
1734637460418 0.831683337688446 1
1734637460496 0.8510500192642212 2
1734637460573 0.8608166575431824 3
1734637460651 0.8687000274658203 4
1734637460722 0.8768333196640015 5
1734637460797 0.8808000087738037 6
1734637460872 0.8834333419799805 7
1734637460951 0.8867499828338623 8
1734637461029 0.8869666457176208 9
1734637461101 0.8916333317756653 10
1734637461177 0.8920999765396118 11
1734637461250 0.8933833241462708 12
1734637461322 0.8953666687011719 13
1734637461396 0.8962000012397766 14
1734637461487 0.8961499929428101 15
1734637461564 0.8984666466712952 16
1734637461635 0.8993333578109741 17
1734637461703 0.9009833335876465 18
1734637461776 0.9014999866485596 19
1734637461849 0.9010666608810425 20
1734637461920 0.9038666486740112 21
1734637461997 0.904366672039032 22
1734637462071 0.9034500122070312 23
1734637462142 0.9050333499908447 24
1734637462212 0.9052166938781738 25
1734637462282 0.90625 26
1734637462354 0.9042166471481323 27
1734637462428 0.9055666923522949 28
1734637462500 0.9063500165939331 29
1734637462575 0.9061999917030334 30
1734637462651 0.9070666432380676 31
1734637462724 0.9065499901771545 32
1734637462801 0.9080833196640015 33
1734637462876 0.9095666408538818 34
1734637462951 0.9078999757766724 35
1734637463027 0.9086833596229553 36
1734637463098 0.909850001335144 37
1734637463170 0.9105166792869568 38
1734637463242 0.909583330154419 39
1734637463314 0.9090666770935059 40
1734637463387 0.9106666445732117 41
1734637463459 0.9099166393280029 42
1734637463529 0.9106833338737488 43
1734637463600 0.9107166528701782 44
1734637463672 0.9121500253677368 45
1734637463745 0.911549985408783 46
1734637463826 0.9121500253677368 47
1734637463920 0.9109333157539368 48
1734637463998 0.9119166731834412 49
