1734637460301 0.7126187682151794 0
1734637460377 0.46718961000442505 1
1734637460460 0.41763612627983093 2
1734637460533 0.3907220959663391 3
1734637460612 0.3692303001880646 4
1734637460687 0.3501313328742981 5
1734637460760 0.3375779688358307 6
1734637460836 0.328458696603775 7
1734637460909 0.3193027973175049 8
1734637460990 0.3114045560359955 9
1734637461064 0.30697157979011536 10
1734637461138 0.2986055314540863 11
1734637461215 0.2965874969959259 12
1734637461285 0.2931262254714966 13
1734637461359 0.2875310480594635 14
1734637461445 0.2876220941543579 15
1734637461528 0.2820484936237335 16
1734637461599 0.27966514229774475 17
1734637461669 0.2749905288219452 18
1734637461740 0.27265283465385437 19
1734637461812 0.2733297348022461 20
1734637461884 0.26899608969688416 21
1734637461957 0.2654787302017212 22
1734637462035 0.2667466998100281 23
1734637462106 0.2627517580986023 24
1734637462176 0.26225048303604126 25
1734637462246 0.2621813714504242 26
1734637462318 0.2608824670314789 27
1734637462390 0.2606185972690582 28
1734637462465 0.2592148780822754 29
1734637462539 0.2580636441707611 30
1734637462613 0.25679004192352295 31
1734637462686 0.2562829852104187 32
1734637462762 0.2522525191307068 33
1734637462841 0.2507071793079376 34
1734637462912 0.25166773796081543 35
1734637462989 0.2518329620361328 36
1734637463062 0.2509262263774872 37
1734637463135 0.24942035973072052 38
1734637463206 0.24827401340007782 39
1734637463278 0.24835366010665894 40
1734637463350 0.2452712506055832 41
1734637463423 0.24648426473140717 42
1734637463494 0.24664796888828278 43
1734637463565 0.244936004281044 44
1734637463635 0.2441270649433136 45
1734637463709 0.24251395463943481 46
1734637463781 0.24318763613700867 47
1734637463873 0.24304768443107605 48
1734637463962 0.24212324619293213 49
