1734637257990 0.5095666646957397 0
1734637258120 0.7002999782562256 1
1734637258251 0.7430499792098999 2
1734637258379 0.7690833210945129 3
1734637258516 0.7800333499908447 4
1734637258652 0.7901166677474976 5
1734637258786 0.7963833212852478 6
1734637258915 0.8029666543006897 7
1734637259047 0.8047833442687988 8
1734637259180 0.8111666440963745 9
1734637259310 0.8123499751091003 10
1734637259440 0.8149999976158142 11
1734637259567 0.8172333240509033 12
1734637259701 0.8207499980926514 13
1734637259831 0.8210333585739136 14
1734637259962 0.8240000009536743 15
1734637260092 0.824999988079071 16
1734637260221 0.822700023651123 17
1734637260349 0.8272833228111267 18
1734637260475 0.8268666863441467 19
1734637260602 0.8262333273887634 20
1734637260727 0.8277166485786438 21
1734637260853 0.8291666507720947 22
1734637260985 0.8299499750137329 23
1734637261117 0.8281999826431274 24
1734637261249 0.8304499983787537 25
1734637261375 0.8311499953269958 26
1734637261509 0.834683358669281 27
1734637261639 0.8332833051681519 28
1734637261769 0.8344666957855225 29
1734637261896 0.8339999914169312 30
1734637262023 0.8338500261306763 31
1734637262149 0.8356666564941406 32
1734637262275 0.8362333178520203 33
1734637262404 0.8339833617210388 34
1734637262536 0.8371333479881287 35
1734637262663 0.8401333093643188 36
1734637262782 0.8391666412353516 37
1734637262890 0.8367166519165039 38
1734637263008 0.8380333185195923 39
1734637263127 0.8379666805267334 40
1734637263218 0.8394833207130432 41
1734637263344 0.8388833403587341 42
1734637263475 0.8396333456039429 43
1734637263601 0.8395833373069763 44
1734637263727 0.8409166932106018 45
1734637263855 0.8413166403770447 46
1734637263984 0.8401833176612854 47
1734637264107 0.8410166501998901 48
1734637264231 0.8431833386421204 49
