1734637257902 1.3181571960449219 0
1734637258057 0.8136415481567383 1
1734637258187 0.7173882722854614 2
1734637258315 0.6673763394355774 3
1734637258448 0.6406669020652771 4
1734637258585 0.6130724549293518 5
1734637258723 0.6008229851722717 6
1734637258852 0.5821883082389832 7
1734637258979 0.5733094215393066 8
1734637259116 0.5594968795776367 9
1734637259243 0.5524951219558716 10
1734637259374 0.5465882420539856 11
1734637259503 0.5344445109367371 12
1734637259632 0.5335444211959839 13
1734637259765 0.5328192710876465 14
1734637259895 0.5213568806648254 15
1734637260028 0.5176485180854797 16
1734637260158 0.5192954540252686 17
1734637260285 0.509584903717041 18
1734637260414 0.5067170858383179 19
1734637260537 0.5056219100952148 20
1734637260664 0.5041099190711975 21
1734637260790 0.497773677110672 22
1734637260921 0.4982427656650543 23
1734637261048 0.49824953079223633 24
1734637261183 0.4945882558822632 25
1734637261312 0.4912908673286438 26
1734637261444 0.48650166392326355 27
1734637261574 0.48893997073173523 28
1734637261705 0.48380839824676514 29
1734637261833 0.4851458668708801 30
1734637261960 0.4850482940673828 31
1734637262087 0.47743460536003113 32
1734637262213 0.4778546094894409 33
1734637262340 0.48218441009521484 34
1734637262472 0.47370871901512146 35
1734637262599 0.47217226028442383 36
1734637262728 0.46968311071395874 37
1734637262834 0.47551125288009644 38
1734637262950 0.4716281294822693 39
1734637263067 0.4693291485309601 40
1734637263179 0.4687585234642029 41
1734637263278 0.46827197074890137 42
1734637263408 0.4681648910045624 43
1734637263538 0.4651598334312439 44
1734637263666 0.4590003788471222 45
1734637263791 0.4586661159992218 46
1734637263917 0.4621642827987671 47
1734637264045 0.4619702100753784 48
1734637264170 0.4552016854286194 49
