              precision    recall  f1-score   support

           0       0.84      0.83      0.83      1000
           1       0.97      0.98      0.97      1000
           2       0.79      0.84      0.81      1000
           3       0.89      0.88      0.89      1000
           4       0.81      0.81      0.81      1000
           5       0.98      0.94      0.96      1000
           6       0.74      0.71      0.72      1000
           7       0.94      0.96      0.95      1000
           8       0.97      0.97      0.97      1000
           9       0.93      0.96      0.95      1000

    accuracy                           0.89     10000
   macro avg       0.89      0.89      0.89     10000
weighted avg       0.89      0.89      0.89     10000
