              precision    recall  f1-score   support

           0       0.82      0.86      0.84      1000
           1       0.99      0.96      0.98      1000
           2       0.80      0.81      0.81      1000
           3       0.87      0.89      0.88      1000
           4       0.80      0.82      0.81      1000
           5       0.97      0.96      0.96      1000
           6       0.72      0.65      0.68      1000
           7       0.93      0.96      0.95      1000
           8       0.95      0.97      0.96      1000
           9       0.96      0.95      0.96      1000

    accuracy                           0.88     10000
   macro avg       0.88      0.88      0.88     10000
weighted avg       0.88      0.88      0.88     10000
