              precision    recall  f1-score   support

           0       0.81      0.81      0.81      1000
           1       0.99      0.96      0.98      1000
           2       0.75      0.81      0.78      1000
           3       0.81      0.91      0.86      1000
           4       0.75      0.81      0.78      1000
           5       0.98      0.95      0.96      1000
           6       0.73      0.54      0.62      1000
           7       0.94      0.95      0.94      1000
           8       0.98      0.97      0.97      1000
           9       0.95      0.97      0.96      1000

    accuracy                           0.87     10000
   macro avg       0.87      0.87      0.87     10000
weighted avg       0.87      0.87      0.87     10000
