              precision    recall  f1-score   support

           0       0.74      0.86      0.80      1000
           1       0.99      0.95      0.97      1000
           2       0.72      0.77      0.74      1000
           3       0.82      0.91      0.86      1000
           4       0.70      0.84      0.76      1000
           5       0.97      0.96      0.96      1000
           6       0.78      0.38      0.51      1000
           7       0.94      0.96      0.95      1000
           8       0.96      0.97      0.97      1000
           9       0.96      0.96      0.96      1000

    accuracy                           0.86     10000
   macro avg       0.86      0.86      0.85     10000
weighted avg       0.86      0.86      0.85     10000
