              precision    recall  f1-score   support

           0       0.85      0.87      0.86      1000
           1       0.99      0.99      0.99      1000
           2       0.86      0.90      0.88      1000
           3       0.91      0.92      0.91      1000
           4       0.84      0.87      0.86      1000
           5       0.99      0.98      0.98      1000
           6       0.78      0.68      0.73      1000
           7       0.94      0.98      0.96      1000
           8       0.98      0.98      0.98      1000
           9       0.98      0.95      0.97      1000

    accuracy                           0.91     10000
   macro avg       0.91      0.91      0.91     10000
weighted avg       0.91      0.91      0.91     10000
