              precision    recall  f1-score   support

           0       0.76      0.85      0.81      1000
           1       0.99      0.96      0.97      1000
           2       0.75      0.74      0.75      1000
           3       0.82      0.91      0.86      1000
           4       0.70      0.84      0.76      1000
           5       0.97      0.96      0.97      1000
           6       0.71      0.44      0.54      1000
           7       0.94      0.94      0.94      1000
           8       0.97      0.97      0.97      1000
           9       0.95      0.96      0.96      1000

    accuracy                           0.86     10000
   macro avg       0.86      0.86      0.85     10000
weighted avg       0.86      0.86      0.85     10000
