              precision    recall  f1-score   support

           0       0.82      0.86      0.84      1000
           1       0.99      0.96      0.98      1000
           2       0.76      0.81      0.78      1000
           3       0.88      0.91      0.89      1000
           4       0.78      0.82      0.80      1000
           5       0.98      0.96      0.97      1000
           6       0.72      0.60      0.66      1000
           7       0.93      0.95      0.94      1000
           8       0.96      0.98      0.97      1000
           9       0.95      0.94      0.95      1000

    accuracy                           0.88     10000
   macro avg       0.88      0.88      0.88     10000
weighted avg       0.88      0.88      0.88     10000
