              precision    recall  f1-score   support

           0       0.81      0.85      0.83      1000
           1       0.99      0.96      0.98      1000
           2       0.78      0.78      0.78      1000
           3       0.88      0.88      0.88      1000
           4       0.75      0.83      0.79      1000
           5       0.98      0.96      0.97      1000
           6       0.73      0.62      0.67      1000
           7       0.92      0.98      0.95      1000
           8       0.96      0.97      0.97      1000
           9       0.98      0.94      0.96      1000

    accuracy                           0.88     10000
   macro avg       0.88      0.88      0.88     10000
weighted avg       0.88      0.88      0.88     10000
