              precision    recall  f1-score   support

           0       0.82      0.85      0.84      1000
           1       0.99      0.98      0.98      1000
           2       0.88      0.74      0.80      1000
           3       0.90      0.90      0.90      1000
           4       0.84      0.80      0.82      1000
           5       0.99      0.93      0.96      1000
           6       0.66      0.78      0.71      1000
           7       0.93      0.98      0.95      1000
           8       0.97      0.97      0.97      1000
           9       0.95      0.96      0.96      1000

    accuracy                           0.89     10000
   macro avg       0.89      0.89      0.89     10000
weighted avg       0.89      0.89      0.89     10000
