              precision    recall  f1-score   support

           0       0.77      0.87      0.81      1000
           1       0.99      0.96      0.98      1000
           2       0.69      0.81      0.75      1000
           3       0.85      0.90      0.88      1000
           4       0.74      0.80      0.77      1000
           5       0.97      0.96      0.97      1000
           6       0.77      0.44      0.56      1000
           7       0.95      0.94      0.94      1000
           8       0.97      0.97      0.97      1000
           9       0.95      0.97      0.96      1000

    accuracy                           0.86     10000
   macro avg       0.86      0.86      0.86     10000
weighted avg       0.86      0.86      0.86     10000
