              precision    recall  f1-score   support

           0       0.80      0.80      0.80      1000
           1       0.97      0.96      0.96      1000
           2       0.73      0.72      0.73      1000
           3       0.82      0.85      0.84      1000
           4       0.74      0.76      0.75      1000
           5       0.93      0.92      0.92      1000
           6       0.62      0.57      0.59      1000
           7       0.90      0.94      0.92      1000
           8       0.92      0.92      0.92      1000
           9       0.94      0.94      0.94      1000

    accuracy                           0.84     10000
   macro avg       0.84      0.84      0.84     10000
weighted avg       0.84      0.84      0.84     10000
