1734638123324 0.738016664981842 0
1734638123406 0.8326833248138428 1
1734638123487 0.8515666723251343 2
1734638123568 0.8619999885559082 3
1734638123643 0.8703333139419556 4
1734638123717 0.8761833310127258 5
1734638123791 0.8788666725158691 6
1734638123868 0.881933331489563 7
1734638123943 0.8850499987602234 8
1734638124014 0.8864666819572449 9
1734638124089 0.8896499872207642 10
1734638124161 0.8909000158309937 11
1734638124234 0.8926833271980286 12
1734638124309 0.8937333226203918 13
1734638124385 0.8971666693687439 14
1734638124467 0.8974833488464355 15
1734638124543 0.8980333209037781 16
1734638124617 0.8984500169754028 17
1734638124690 0.8991333246231079 18
1734638124766 0.8987666964530945 19
1734638124841 0.9013333320617676 20
1734638124922 0.9010000228881836 21
1734638124998 0.9024333357810974 22
1734638125072 0.9032666683197021 23
1734638125143 0.9029333591461182 24
1734638125215 0.904033362865448 25
1734638125292 0.9035666584968567 26
1734638125369 0.9057499766349792 27
1734638125447 0.9053333401679993 28
1734638125521 0.9049166440963745 29
1734638125593 0.9072333574295044 30
1734638125673 0.9062333106994629 31
1734638125747 0.9069333076477051 32
1734638125821 0.9077833294868469 33
1734638125896 0.90829998254776 34
1734638125974 0.9090999960899353 35
1734638126052 0.9079166650772095 36
1734638126127 0.9081500172615051 37
1734638126206 0.9091166853904724 38
1734638126281 0.911050021648407 39
1734638126360 0.9106166958808899 40
1734638126433 0.9085333347320557 41
1734638126508 0.9093000292778015 42
1734638126584 0.9096666574478149 43
1734638126664 0.9100333452224731 44
1734638126738 0.9111833572387695 45
1734638126812 0.911716639995575 46
1734638126889 0.9094333052635193 47
1734638126967 0.910099983215332 48
1734638127038 0.9102166891098022 49
