1734638123279 0.7182231545448303 0
1734638123366 0.46176207065582275 1
1734638123448 0.4131876826286316 2
1734638123527 0.38566353917121887 3
1734638123606 0.3644281029701233 4
1734638123680 0.3507634699344635 5
1734638123754 0.3405371308326721 6
1734638123831 0.33067941665649414 7
1734638123906 0.3221316337585449 8
1734638123978 0.31613630056381226 9
1734638124050 0.3074558675289154 10
1734638124125 0.3047812283039093 11
1734638124198 0.29862821102142334 12
1734638124272 0.2942478060722351 13
1734638124348 0.2908181846141815 14
1734638124426 0.28556597232818604 15
1734638124505 0.2827427387237549 16
1734638124581 0.28284117579460144 17
1734638124653 0.2782510221004486 18
1734638124726 0.2773459851741791 19
1734638124804 0.27504780888557434 20
1734638124883 0.27382996678352356 21
1734638124961 0.2699299454689026 22
1734638125035 0.2678372859954834 23
1734638125107 0.2667100727558136 24
1734638125178 0.26518478989601135 25
1734638125253 0.2653856873512268 26
1734638125332 0.2622491121292114 27
1734638125408 0.2622544765472412 28
1734638125485 0.260763555765152 29
1734638125556 0.257710725069046 30
1734638125631 0.258354127407074 31
1734638125710 0.2565506100654602 32
1734638125783 0.25386032462120056 33
1734638125860 0.2535247206687927 34
1734638125934 0.2528440058231354 35
1734638126015 0.25373122096061707 36
1734638126088 0.2525467276573181 37
1734638126167 0.25054898858070374 38
1734638126244 0.2470107525587082 39
1734638126321 0.24926505982875824 40
1734638126397 0.25029096007347107 41
1734638126469 0.25110530853271484 42
1734638126544 0.24742427468299866 43
1734638126624 0.2454608678817749 44
1734638126702 0.24467986822128296 45
1734638126775 0.2444765716791153 46
1734638126851 0.2468070536851883 47
1734638126925 0.24560794234275818 48
1734638127002 0.24508832395076752 49
